areaType,areaName,areaCode,date,newCasesBySpecimenDate,cumCasesBySpecimenDate
overview,United Kingdom,K02000001,2021-03-05,4529,4217387
overview,United Kingdom,K02000001,2021-03-04,5580,4212858
overview,United Kingdom,K02000001,2021-03-03,5937,4207278
overview,United Kingdom,K02000001,2021-03-02,6640,4201341
overview,United Kingdom,K02000001,2021-03-01,6930,4194701
overview,United Kingdom,K02000001,2021-02-28,4744,4187771
overview,United Kingdom,K02000001,2021-02-27,4839,4183027
overview,United Kingdom,K02000001,2021-02-26,6611,4178188
overview,United Kingdom,K02000001,2021-02-25,7764,4171577
overview,United Kingdom,K02000001,2021-02-24,8560,4163813
overview,United Kingdom,K02000001,2021-02-23,9442,4155253
overview,United Kingdom,K02000001,2021-02-22,11335,4145811
overview,United Kingdom,K02000001,2021-02-21,7902,4134476
overview,United Kingdom,K02000001,2021-02-20,8081,4126574
overview,United Kingdom,K02000001,2021-02-19,10430,4118493
overview,United Kingdom,K02000001,2021-02-18,11433,4108063
overview,United Kingdom,K02000001,2021-02-17,11593,4096630
overview,United Kingdom,K02000001,2021-02-16,12520,4085037
overview,United Kingdom,K02000001,2021-02-15,14320,4072517
overview,United Kingdom,K02000001,2021-02-14,8795,4058197
overview,United Kingdom,K02000001,2021-02-13,8789,4049402
overview,United Kingdom,K02000001,2021-02-12,12193,4040613
overview,United Kingdom,K02000001,2021-02-11,12812,4028420
overview,United Kingdom,K02000001,2021-02-10,13542,4015608
overview,United Kingdom,K02000001,2021-02-09,13856,4002066
overview,United Kingdom,K02000001,2021-02-08,15792,3988210
overview,United Kingdom,K02000001,2021-02-07,11418,3972418
overview,United Kingdom,K02000001,2021-02-06,11980,3961000
overview,United Kingdom,K02000001,2021-02-05,15910,3949020
overview,United Kingdom,K02000001,2021-02-04,18031,3933110
overview,United Kingdom,K02000001,2021-02-03,19467,3915079
overview,United Kingdom,K02000001,2021-02-02,19826,3895612
overview,United Kingdom,K02000001,2021-02-01,22422,3875786
overview,United Kingdom,K02000001,2021-01-31,15442,3853364
overview,United Kingdom,K02000001,2021-01-30,16687,3837922
overview,United Kingdom,K02000001,2021-01-29,21827,3821235
overview,United Kingdom,K02000001,2021-01-28,24114,3799408
overview,United Kingdom,K02000001,2021-01-27,25745,3775294
overview,United Kingdom,K02000001,2021-01-26,27036,3749549
overview,United Kingdom,K02000001,2021-01-25,29993,3722513
overview,United Kingdom,K02000001,2021-01-24,17197,3692520
overview,United Kingdom,K02000001,2021-01-23,21864,3675323
overview,United Kingdom,K02000001,2021-01-22,29609,3653459
overview,United Kingdom,K02000001,2021-01-21,31717,3623850
overview,United Kingdom,K02000001,2021-01-20,35162,3592133
overview,United Kingdom,K02000001,2021-01-19,39548,3556971
overview,United Kingdom,K02000001,2021-01-18,44851,3517423
overview,United Kingdom,K02000001,2021-01-17,28878,3472572
overview,United Kingdom,K02000001,2021-01-16,30555,3443694
overview,United Kingdom,K02000001,2021-01-15,40451,3413139
overview,United Kingdom,K02000001,2021-01-14,42430,3372688
overview,United Kingdom,K02000001,2021-01-13,45448,3330258
overview,United Kingdom,K02000001,2021-01-12,49449,3284810
overview,United Kingdom,K02000001,2021-01-11,57199,3235361
overview,United Kingdom,K02000001,2021-01-10,36361,3178162
overview,United Kingdom,K02000001,2021-01-09,39092,3141801
overview,United Kingdom,K02000001,2021-01-08,47061,3102709
overview,United Kingdom,K02000001,2021-01-07,51970,3055648
overview,United Kingdom,K02000001,2021-01-06,57441,3003678
overview,United Kingdom,K02000001,2021-01-05,65166,2946237
overview,United Kingdom,K02000001,2021-01-04,76195,2881071
overview,United Kingdom,K02000001,2021-01-03,55222,2804876
overview,United Kingdom,K02000001,2021-01-02,60460,2749654
overview,United Kingdom,K02000001,2021-01-01,31856,2689194
overview,United Kingdom,K02000001,2020-12-31,52821,2657338
overview,United Kingdom,K02000001,2020-12-30,70808,2604517
overview,United Kingdom,K02000001,2020-12-29,81566,2533709
overview,United Kingdom,K02000001,2020-12-28,45622,2452143
overview,United Kingdom,K02000001,2020-12-27,47758,2406521
overview,United Kingdom,K02000001,2020-12-26,40371,2358763
overview,United Kingdom,K02000001,2020-12-25,14181,2318392
overview,United Kingdom,K02000001,2020-12-24,31852,2304211
overview,United Kingdom,K02000001,2020-12-23,42282,2272359
overview,United Kingdom,K02000001,2020-12-22,45684,2230077
overview,United Kingdom,K02000001,2020-12-21,47402,2184393
overview,United Kingdom,K02000001,2020-12-20,32472,2136991
overview,United Kingdom,K02000001,2020-12-19,25153,2104519
overview,United Kingdom,K02000001,2020-12-18,35840,2079366
overview,United Kingdom,K02000001,2020-12-17,33892,2043526
overview,United Kingdom,K02000001,2020-12-16,34929,2009634
overview,United Kingdom,K02000001,2020-12-15,33877,1974705
overview,United Kingdom,K02000001,2020-12-14,34738,1940828
overview,United Kingdom,K02000001,2020-12-13,21984,1906090
overview,United Kingdom,K02000001,2020-12-12,19360,1884106
overview,United Kingdom,K02000001,2020-12-11,24089,1864746
overview,United Kingdom,K02000001,2020-12-10,22630,1840657
overview,United Kingdom,K02000001,2020-12-09,21644,1818027
overview,United Kingdom,K02000001,2020-12-08,20795,1796383
overview,United Kingdom,K02000001,2020-12-07,21352,1775588
overview,United Kingdom,K02000001,2020-12-06,13607,1754236
overview,United Kingdom,K02000001,2020-12-05,12789,1740629
overview,United Kingdom,K02000001,2020-12-04,15698,1727840
overview,United Kingdom,K02000001,2020-12-03,15655,1712142
overview,United Kingdom,K02000001,2020-12-02,16455,1696487
overview,United Kingdom,K02000001,2020-12-01,16455,1680032
overview,United Kingdom,K02000001,2020-11-30,18029,1663577
overview,United Kingdom,K02000001,2020-11-29,10688,1645548
overview,United Kingdom,K02000001,2020-11-28,10958,1634860
overview,United Kingdom,K02000001,2020-11-27,14377,1623902
overview,United Kingdom,K02000001,2020-11-26,14572,1609525
overview,United Kingdom,K02000001,2020-11-25,16618,1594953
overview,United Kingdom,K02000001,2020-11-24,16462,1578335
overview,United Kingdom,K02000001,2020-11-23,18774,1561873
overview,United Kingdom,K02000001,2020-11-22,11737,1543099
overview,United Kingdom,K02000001,2020-11-21,12357,1531362
overview,United Kingdom,K02000001,2020-11-20,16859,1519005
overview,United Kingdom,K02000001,2020-11-19,17759,1502146
overview,United Kingdom,K02000001,2020-11-18,20772,1484387
overview,United Kingdom,K02000001,2020-11-17,23184,1463615
overview,United Kingdom,K02000001,2020-11-16,26571,1440431
overview,United Kingdom,K02000001,2020-11-15,16040,1413860
overview,United Kingdom,K02000001,2020-11-14,18004,1397820
overview,United Kingdom,K02000001,2020-11-13,24058,1379816
overview,United Kingdom,K02000001,2020-11-12,24479,1355758
overview,United Kingdom,K02000001,2020-11-11,27364,1331279
overview,United Kingdom,K02000001,2020-11-10,27436,1303915
overview,United Kingdom,K02000001,2020-11-09,31061,1276479
overview,United Kingdom,K02000001,2020-11-08,19966,1245418
overview,United Kingdom,K02000001,2020-11-07,18536,1225452
overview,United Kingdom,K02000001,2020-11-06,23341,1206916
overview,United Kingdom,K02000001,2020-11-05,23771,1183575
overview,United Kingdom,K02000001,2020-11-04,23696,1159804
overview,United Kingdom,K02000001,2020-11-03,25610,1136108
overview,United Kingdom,K02000001,2020-11-02,31522,1110498
overview,United Kingdom,K02000001,2020-11-01,15768,1078976
overview,United Kingdom,K02000001,2020-10-31,16500,1063208
overview,United Kingdom,K02000001,2020-10-30,22701,1046708
overview,United Kingdom,K02000001,2020-10-29,23359,1024007
overview,United Kingdom,K02000001,2020-10-28,23627,1000648
overview,United Kingdom,K02000001,2020-10-27,24107,977021
overview,United Kingdom,K02000001,2020-10-26,26557,952914
overview,United Kingdom,K02000001,2020-10-25,15729,926357
overview,United Kingdom,K02000001,2020-10-24,16242,910628
overview,United Kingdom,K02000001,2020-10-23,21482,894386
overview,United Kingdom,K02000001,2020-10-22,23257,872904
overview,United Kingdom,K02000001,2020-10-21,25462,849647
overview,United Kingdom,K02000001,2020-10-20,25321,824185
overview,United Kingdom,K02000001,2020-10-19,25619,798864
overview,United Kingdom,K02000001,2020-10-18,14193,773245
overview,United Kingdom,K02000001,2020-10-17,14765,759052
overview,United Kingdom,K02000001,2020-10-16,17721,744287
overview,United Kingdom,K02000001,2020-10-15,18440,726566
overview,United Kingdom,K02000001,2020-10-14,19704,708126
overview,United Kingdom,K02000001,2020-10-13,18911,688422
overview,United Kingdom,K02000001,2020-10-12,19448,669511
overview,United Kingdom,K02000001,2020-10-11,12074,650063
overview,United Kingdom,K02000001,2020-10-10,12515,637989
overview,United Kingdom,K02000001,2020-10-09,15727,625474
overview,United Kingdom,K02000001,2020-10-08,18245,609747
overview,United Kingdom,K02000001,2020-10-07,18337,591502
overview,United Kingdom,K02000001,2020-10-06,17063,573165
overview,United Kingdom,K02000001,2020-10-05,16553,556102
overview,United Kingdom,K02000001,2020-10-04,11804,539549
overview,United Kingdom,K02000001,2020-10-03,11546,527745
overview,United Kingdom,K02000001,2020-10-02,13696,516199
overview,United Kingdom,K02000001,2020-10-01,13194,502503
overview,United Kingdom,K02000001,2020-09-30,12557,489309
overview,United Kingdom,K02000001,2020-09-29,10240,476752
overview,United Kingdom,K02000001,2020-09-28,9932,466512
overview,United Kingdom,K02000001,2020-09-27,6974,456580
overview,United Kingdom,K02000001,2020-09-26,6763,449606
overview,United Kingdom,K02000001,2020-09-25,7252,442843
overview,United Kingdom,K02000001,2020-09-24,7608,435591
overview,United Kingdom,K02000001,2020-09-23,7063,427983
overview,United Kingdom,K02000001,2020-09-22,6408,420920
overview,United Kingdom,K02000001,2020-09-21,5604,414512
overview,United Kingdom,K02000001,2020-09-20,5323,408908
overview,United Kingdom,K02000001,2020-09-19,4854,403585
overview,United Kingdom,K02000001,2020-09-18,4955,398731
overview,United Kingdom,K02000001,2020-09-17,4632,393776
overview,United Kingdom,K02000001,2020-09-16,4368,389144
overview,United Kingdom,K02000001,2020-09-15,3551,384776
overview,United Kingdom,K02000001,2020-09-14,3398,381225
overview,United Kingdom,K02000001,2020-09-13,2144,377827
overview,United Kingdom,K02000001,2020-09-12,2673,375683
overview,United Kingdom,K02000001,2020-09-11,3293,373010
overview,United Kingdom,K02000001,2020-09-10,3593,369717
overview,United Kingdom,K02000001,2020-09-09,3331,366124
overview,United Kingdom,K02000001,2020-09-08,3307,362793
overview,United Kingdom,K02000001,2020-09-07,3861,359486
overview,United Kingdom,K02000001,2020-09-06,2450,355625
overview,United Kingdom,K02000001,2020-09-05,2545,353175
overview,United Kingdom,K02000001,2020-09-04,3039,350630
overview,United Kingdom,K02000001,2020-09-03,3100,347591
overview,United Kingdom,K02000001,2020-09-02,2994,344491
overview,United Kingdom,K02000001,2020-09-01,2248,341497
overview,United Kingdom,K02000001,2020-08-31,1500,339249
overview,United Kingdom,K02000001,2020-08-30,1160,337749
overview,United Kingdom,K02000001,2020-08-29,1223,336589
overview,United Kingdom,K02000001,2020-08-28,1624,335366
overview,United Kingdom,K02000001,2020-08-27,1552,333742
overview,United Kingdom,K02000001,2020-08-26,1350,332190
overview,United Kingdom,K02000001,2020-08-25,1246,330840
overview,United Kingdom,K02000001,2020-08-24,1271,329594
overview,United Kingdom,K02000001,2020-08-23,824,328323
overview,United Kingdom,K02000001,2020-08-22,827,327499
overview,United Kingdom,K02000001,2020-08-21,1196,326672
overview,United Kingdom,K02000001,2020-08-20,1463,325476
overview,United Kingdom,K02000001,2020-08-19,1240,324013
overview,United Kingdom,K02000001,2020-08-18,1084,322773
overview,United Kingdom,K02000001,2020-08-17,1283,321689
overview,United Kingdom,K02000001,2020-08-16,600,320406
overview,United Kingdom,K02000001,2020-08-15,695,319806
overview,United Kingdom,K02000001,2020-08-14,1160,319111
overview,United Kingdom,K02000001,2020-08-13,1144,317951
overview,United Kingdom,K02000001,2020-08-12,1206,316807
overview,United Kingdom,K02000001,2020-08-11,1340,315601
overview,United Kingdom,K02000001,2020-08-10,1474,314261
overview,United Kingdom,K02000001,2020-08-09,616,312787
overview,United Kingdom,K02000001,2020-08-08,695,312171
overview,United Kingdom,K02000001,2020-08-07,942,311476
overview,United Kingdom,K02000001,2020-08-06,1083,310534
overview,United Kingdom,K02000001,2020-08-05,1060,309451
overview,United Kingdom,K02000001,2020-08-04,1017,308391
overview,United Kingdom,K02000001,2020-08-03,1040,307374
overview,United Kingdom,K02000001,2020-08-02,554,306334
overview,United Kingdom,K02000001,2020-08-01,542,305780
overview,United Kingdom,K02000001,2020-07-31,674,305238
overview,United Kingdom,K02000001,2020-07-30,922,304564
overview,United Kingdom,K02000001,2020-07-29,1038,303642
overview,United Kingdom,K02000001,2020-07-28,843,302604
overview,United Kingdom,K02000001,2020-07-27,856,301761
overview,United Kingdom,K02000001,2020-07-26,558,300905
overview,United Kingdom,K02000001,2020-07-25,523,300347
overview,United Kingdom,K02000001,2020-07-24,768,299824
overview,United Kingdom,K02000001,2020-07-23,798,299056
overview,United Kingdom,K02000001,2020-07-22,798,298258
overview,United Kingdom,K02000001,2020-07-21,782,297460
overview,United Kingdom,K02000001,2020-07-20,813,296678
overview,United Kingdom,K02000001,2020-07-19,443,295865
overview,United Kingdom,K02000001,2020-07-18,498,295422
overview,United Kingdom,K02000001,2020-07-17,580,294924
overview,United Kingdom,K02000001,2020-07-16,705,294344
overview,United Kingdom,K02000001,2020-07-15,774,293639
overview,United Kingdom,K02000001,2020-07-14,692,292865
overview,United Kingdom,K02000001,2020-07-13,733,292173
overview,United Kingdom,K02000001,2020-07-12,368,291440
overview,United Kingdom,K02000001,2020-07-11,446,291072
overview,United Kingdom,K02000001,2020-07-10,563,290626
overview,United Kingdom,K02000001,2020-07-09,716,290063
overview,United Kingdom,K02000001,2020-07-08,704,289347
overview,United Kingdom,K02000001,2020-07-07,605,288643
overview,United Kingdom,K02000001,2020-07-06,708,288038
overview,United Kingdom,K02000001,2020-07-05,555,287330
overview,United Kingdom,K02000001,2020-07-04,397,286775
overview,United Kingdom,K02000001,2020-07-03,569,286378
overview,United Kingdom,K02000001,2020-07-02,603,285809
overview,United Kingdom,K02000001,2020-07-01,647,285206
overview,United Kingdom,K02000001,2020-06-30,617,284559
overview,United Kingdom,K02000001,2020-06-29,725,283942
overview,United Kingdom,K02000001,2020-06-28,447,283217
overview,United Kingdom,K02000001,2020-06-27,651,282770
overview,United Kingdom,K02000001,2020-06-26,669,282119
overview,United Kingdom,K02000001,2020-06-25,721,281450
overview,United Kingdom,K02000001,2020-06-24,778,280729
overview,United Kingdom,K02000001,2020-06-23,889,279951
overview,United Kingdom,K02000001,2020-06-22,893,279062
overview,United Kingdom,K02000001,2020-06-21,638,278169
overview,United Kingdom,K02000001,2020-06-20,684,277531
overview,United Kingdom,K02000001,2020-06-19,983,276847
overview,United Kingdom,K02000001,2020-06-18,1028,275864
overview,United Kingdom,K02000001,2020-06-17,1013,274836
overview,United Kingdom,K02000001,2020-06-16,1103,273823
overview,United Kingdom,K02000001,2020-06-15,1047,272720
overview,United Kingdom,K02000001,2020-06-14,820,271673
overview,United Kingdom,K02000001,2020-06-13,887,270853
overview,United Kingdom,K02000001,2020-06-12,1053,269966
overview,United Kingdom,K02000001,2020-06-11,1014,268913
overview,United Kingdom,K02000001,2020-06-10,1193,267899
overview,United Kingdom,K02000001,2020-06-09,1158,266706
overview,United Kingdom,K02000001,2020-06-08,1092,265548
overview,United Kingdom,K02000001,2020-06-07,719,264456
overview,United Kingdom,K02000001,2020-06-06,805,263737
overview,United Kingdom,K02000001,2020-06-05,1121,262932
overview,United Kingdom,K02000001,2020-06-04,1251,261811
overview,United Kingdom,K02000001,2020-06-03,1362,260560
overview,United Kingdom,K02000001,2020-06-02,1490,259198
overview,United Kingdom,K02000001,2020-06-01,1439,257708
overview,United Kingdom,K02000001,2020-05-31,1082,256269
overview,United Kingdom,K02000001,2020-05-30,1122,255187
overview,United Kingdom,K02000001,2020-05-29,1526,254065
overview,United Kingdom,K02000001,2020-05-28,1757,252539
overview,United Kingdom,K02000001,2020-05-27,1829,250782
overview,United Kingdom,K02000001,2020-05-26,1661,248953
overview,United Kingdom,K02000001,2020-05-25,1622,247292
overview,United Kingdom,K02000001,2020-05-24,1364,245670
overview,United Kingdom,K02000001,2020-05-23,1528,244306
overview,United Kingdom,K02000001,2020-05-22,2057,242778
overview,United Kingdom,K02000001,2020-05-21,2574,240721
overview,United Kingdom,K02000001,2020-05-20,2707,238147
overview,United Kingdom,K02000001,2020-05-19,3054,235440
overview,United Kingdom,K02000001,2020-05-18,2583,232386
overview,United Kingdom,K02000001,2020-05-17,1835,229803
overview,United Kingdom,K02000001,2020-05-16,2082,227968
overview,United Kingdom,K02000001,2020-05-15,2530,225886
overview,United Kingdom,K02000001,2020-05-14,2629,223356
overview,United Kingdom,K02000001,2020-05-13,3308,220727
overview,United Kingdom,K02000001,2020-05-12,3395,217419
overview,United Kingdom,K02000001,2020-05-11,3577,214024
overview,United Kingdom,K02000001,2020-05-10,2323,210447
overview,United Kingdom,K02000001,2020-05-09,2162,208124
overview,United Kingdom,K02000001,2020-05-08,3059,205962
overview,United Kingdom,K02000001,2020-05-07,3768,202903
overview,United Kingdom,K02000001,2020-05-06,3820,199135
overview,United Kingdom,K02000001,2020-05-05,3671,195315
overview,United Kingdom,K02000001,2020-05-04,3387,191644
overview,United Kingdom,K02000001,2020-05-03,2981,188257
overview,United Kingdom,K02000001,2020-05-02,3228,185276
overview,United Kingdom,K02000001,2020-05-01,4731,182048
overview,United Kingdom,K02000001,2020-04-30,4957,177317
overview,United Kingdom,K02000001,2020-04-29,5425,172360
overview,United Kingdom,K02000001,2020-04-28,4725,166935
overview,United Kingdom,K02000001,2020-04-27,4705,162210
overview,United Kingdom,K02000001,2020-04-26,3472,157505
overview,United Kingdom,K02000001,2020-04-25,3744,154033
overview,United Kingdom,K02000001,2020-04-24,4944,150289
overview,United Kingdom,K02000001,2020-04-23,5148,145345
overview,United Kingdom,K02000001,2020-04-22,5497,140197
overview,United Kingdom,K02000001,2020-04-21,4765,134700
overview,United Kingdom,K02000001,2020-04-20,4854,129935
overview,United Kingdom,K02000001,2020-04-19,3860,125081
overview,United Kingdom,K02000001,2020-04-18,4710,121221
overview,United Kingdom,K02000001,2020-04-17,4946,116511
overview,United Kingdom,K02000001,2020-04-16,5276,111565
overview,United Kingdom,K02000001,2020-04-15,5046,106289
overview,United Kingdom,K02000001,2020-04-14,4304,101243
overview,United Kingdom,K02000001,2020-04-13,4170,96939
overview,United Kingdom,K02000001,2020-04-12,3486,92769
overview,United Kingdom,K02000001,2020-04-11,3563,89283
overview,United Kingdom,K02000001,2020-04-10,4314,85720
overview,United Kingdom,K02000001,2020-04-09,4851,81406
overview,United Kingdom,K02000001,2020-04-08,5117,76555
overview,United Kingdom,K02000001,2020-04-07,5436,71438
overview,United Kingdom,K02000001,2020-04-06,5276,66002
overview,United Kingdom,K02000001,2020-04-05,3586,60726
overview,United Kingdom,K02000001,2020-04-04,4005,57140
overview,United Kingdom,K02000001,2020-04-03,4892,53135
overview,United Kingdom,K02000001,2020-04-02,4857,48243
overview,United Kingdom,K02000001,2020-04-01,4944,43386
overview,United Kingdom,K02000001,2020-03-31,4511,38442
overview,United Kingdom,K02000001,2020-03-30,4267,33931
overview,United Kingdom,K02000001,2020-03-29,2857,29664
overview,United Kingdom,K02000001,2020-03-28,2819,26807
overview,United Kingdom,K02000001,2020-03-27,3183,23988
overview,United Kingdom,K02000001,2020-03-26,3092,20805
overview,United Kingdom,K02000001,2020-03-25,2693,17713
overview,United Kingdom,K02000001,2020-03-24,2378,15020
overview,United Kingdom,K02000001,2020-03-23,2327,12642
overview,United Kingdom,K02000001,2020-03-22,1375,10315
overview,United Kingdom,K02000001,2020-03-21,1195,8940
overview,United Kingdom,K02000001,2020-03-20,1257,7745
overview,United Kingdom,K02000001,2020-03-19,1051,6488
overview,United Kingdom,K02000001,2020-03-18,998,5437
overview,United Kingdom,K02000001,2020-03-17,769,4439
overview,United Kingdom,K02000001,2020-03-16,611,3670
overview,United Kingdom,K02000001,2020-03-15,442,3059
overview,United Kingdom,K02000001,2020-03-14,363,2617
overview,United Kingdom,K02000001,2020-03-13,479,2254
overview,United Kingdom,K02000001,2020-03-12,481,1775
overview,United Kingdom,K02000001,2020-03-11,405,1294
overview,United Kingdom,K02000001,2020-03-10,265,889
overview,United Kingdom,K02000001,2020-03-09,147,624
overview,United Kingdom,K02000001,2020-03-08,57,477
overview,United Kingdom,K02000001,2020-03-07,68,420
overview,United Kingdom,K02000001,2020-03-06,81,352
overview,United Kingdom,K02000001,2020-03-05,50,271
overview,United Kingdom,K02000001,2020-03-04,56,221
overview,United Kingdom,K02000001,2020-03-03,57,165
overview,United Kingdom,K02000001,2020-03-02,39,108
overview,United Kingdom,K02000001,2020-03-01,22,69
overview,United Kingdom,K02000001,2020-02-29,5,47
overview,United Kingdom,K02000001,2020-02-28,12,42
overview,United Kingdom,K02000001,2020-02-27,8,30
overview,United Kingdom,K02000001,2020-02-26,4,22
overview,United Kingdom,K02000001,2020-02-25,5,18
overview,United Kingdom,K02000001,2020-02-24,2,13
overview,United Kingdom,K02000001,2020-02-23,1,11
overview,United Kingdom,K02000001,2020-02-22,0,10
overview,United Kingdom,K02000001,2020-02-21,1,10
overview,United Kingdom,K02000001,2020-02-20,0,9
overview,United Kingdom,K02000001,2020-02-19,0,9
overview,United Kingdom,K02000001,2020-02-18,0,9
overview,United Kingdom,K02000001,2020-02-17,0,9
overview,United Kingdom,K02000001,2020-02-16,0,9
overview,United Kingdom,K02000001,2020-02-15,0,9
overview,United Kingdom,K02000001,2020-02-14,0,9
overview,United Kingdom,K02000001,2020-02-13,0,9
overview,United Kingdom,K02000001,2020-02-12,0,9
overview,United Kingdom,K02000001,2020-02-11,1,9
overview,United Kingdom,K02000001,2020-02-10,0,8
overview,United Kingdom,K02000001,2020-02-09,1,8
overview,United Kingdom,K02000001,2020-02-08,4,7
overview,United Kingdom,K02000001,2020-02-07,0,3
overview,United Kingdom,K02000001,2020-02-06,0,3
overview,United Kingdom,K02000001,2020-02-05,1,3
overview,United Kingdom,K02000001,2020-02-04,0,2
overview,United Kingdom,K02000001,2020-02-03,0,2
overview,United Kingdom,K02000001,2020-02-02,0,2
overview,United Kingdom,K02000001,2020-02-01,0,2
overview,United Kingdom,K02000001,2020-01-31,0,2
overview,United Kingdom,K02000001,2020-01-30,2,2
